
ReGammaRamp [R]:
00000 00000 00000 00000 00000 00000 00000 00000 00000 00000 
00000 00000 00000 00000 00000 00000 00000 00000 00000 00000 
00000 00000 00000 00000 00000 00000 00000 00000 00000 00000 
00000 00000 00000 00000 00000 00000 00000 00000 00000 00000 
00000 00000 00000 00000 00000 00000 00000 00000 00000 00000 
00000 00101 00234 00369 00507 00646 00788 00931 01077 01225 
01375 01527 01681 01837 01995 02155 02317 02481 02647 02815 
02986 03158 03332 03508 03686 03866 04049 04233 04419 04607 
04797 04989 05182 05378 05576 05776 05977 06181 06386 06594 
06803 07014 07227 07442 07659 07878 08099 08322 08546 08772 
09001 09231 09463 09697 09932 10170 10409 10651 10894 11139 
11386 11634 11885 12137 12392 12648 12905 13165 13427 13690 
13955 14222 14491 14762 15034 15308 15584 15862 16142 16423 
16706 16991 17278 17566 17857 18149 18443 18738 19036 19335 
19636 19938 20243 20549 20857 21167 21478 21792 22107 22423 
22742 23062 23384 23708 24033 24360 24689 25020 25352 25686 
26022 26360 26699 27040 27383 27727 28073 28421 28770 29122 
29475 29829 30186 30544 30903 31265 31628 31993 32359 32728 
33097 33469 33842 34217 34594 34972 35352 35734 36117 36502 
36889 37277 37667 38059 38452 38847 39244 39642 40042 40444 
40847 41252 41658 42067 42476 42888 43301 43716 44132 44551 
44970 45392 45815 46239 46666 47094 47523 47954 48387 48822 
49258 49695 50135 50576 51018 51462 51908 52356 52805 53255 
53707 54161 54617 55074 55533 55993 56455 56918 57383 57850 
58318 58788 59260 59733 60208 60684 61162 61641 62123 62605 
63089 63575 64063 64552 65042 65534 
ReGammaRamp [G]:
00000 00000 00000 00000 00000 00000 00000 00000 00000 00000 
00000 00000 00000 00000 00000 00000 00000 00000 00000 00000 
00000 00000 00000 00000 00000 00000 00000 00000 00000 00000 
00000 00000 00000 00000 00000 00000 00000 00000 00000 00000 
00000 00000 00000 00000 00000 00000 00000 00000 00000 00000 
00000 00101 00234 00369 00507 00646 00788 00931 01077 01225 
01375 01527 01681 01837 01995 02155 02317 02481 02647 02815 
02986 03158 03332 03508 03686 03866 04049 04233 04419 04607 
04797 04989 05182 05378 05576 05776 05977 06181 06386 06594 
06803 07014 07227 07442 07659 07878 08099 08322 08546 08772 
09001 09231 09463 09697 09932 10170 10409 10651 10894 11139 
11386 11634 11885 12137 12392 12648 12905 13165 13427 13690 
13955 14222 14491 14762 15034 15308 15584 15862 16142 16423 
16706 16991 17278 17566 17857 18149 18443 18738 19036 19335 
19636 19938 20243 20549 20857 21167 21478 21792 22107 22423 
22742 23062 23384 23708 24033 24360 24689 25020 25352 25686 
26022 26360 26699 27040 27383 27727 28073 28421 28770 29122 
29475 29829 30186 30544 30903 31265 31628 31993 32359 32728 
33097 33469 33842 34217 34594 34972 35352 35734 36117 36502 
36889 37277 37667 38059 38452 38847 39244 39642 40042 40444 
40847 41252 41658 42067 42476 42888 43301 43716 44132 44551 
44970 45392 45815 46239 46666 47094 47523 47954 48387 48822 
49258 49695 50135 50576 51018 51462 51908 52356 52805 53255 
53707 54161 54617 55074 55533 55993 56455 56918 57383 57850 
58318 58788 59260 59733 60208 60684 61162 61641 62123 62605 
63089 63575 64063 64552 65042 65534 
ReGammaRamp [B]:
00000 00000 00000 00000 00000 00000 00000 00000 00000 00000 
00000 00000 00000 00000 00000 00000 00000 00000 00000 00000 
00000 00000 00000 00000 00000 00000 00000 00000 00000 00000 
00000 00000 00000 00000 00000 00000 00000 00000 00000 00000 
00000 00000 00000 00000 00000 00000 00000 00000 00000 00000 
00000 00000 00000 00000 00000 00000 00000 00000 00000 00000 
00000 00000 00000 00000 00000 00000 00000 00000 00000 00000 
00000 00000 00000 00000 00000 00000 00000 00000 00000 00000 
00000 00000 00000 00000 00000 00000 00000 00000 00000 00000 
00000 00000 00000 00000 00000 00000 00000 00000 00000 00000 
00000 00000 00000 00000 00000 00000 00000 00000 00000 00000 
00000 00000 00000 00000 00000 00000 00000 00000 00000 00000 
00000 00000 00000 00000 00000 00000 00000 00000 00000 00000 
00000 00000 00000 00000 00000 00000 00000 00000 00000 00000 
00000 00000 00000 00000 00000 00000 00000 00000 00000 00000 
00000 00000 00000 00000 00000 00000 00000 00000 00000 00000 
00000 00000 00000 00000 00000 00000 00000 00000 00000 00000 
00000 00000 00000 00000 00000 00000 00000 00000 00000 00000 
00000 00000 00000 00000 00000 00000 00000 00000 00000 00000
00000 00000 00000 00000 00000 00000 00000 00000 00000 00000 
00000 00000 00000 00000 00000 00000 00000 00000 00000 00000 
00000 00000 00000 00000 00000 00000 00000 00000 00000 00000 
00000 00000 00000 00000 00000 00000 00000 00000 00000 00000 
00000 00000 00000 00000 00000 00000 00000 00000 00000 00000 
00000 00000 00000 00000 00000 00000 00000 00000 00000 00000 
00000 00000 00000 00000 00000 00000 